<!DOCTYPE html>
<html lang="en">
  <head>
    <meta charset="utf-8">
    <meta http-equiv="X-UA-Compatible" content="IE=edge">
    <meta name="viewport" content="width=device-width, initial-scale=1">
    <title>Julia Package Listing - Testing Information</title>

    <style>/* -- Mix of julialang.org, Bootstrap 3, and custom -- */
body {
  background-color: white;
  font-family: Georgia, 'Liberation Serif', serif;
  font-size: 14px;
  color: #333;
  line-height: 1.42857143;
}
.site {
  max-width: 785px;
  margin: 2.5em auto 2em;
  padding: 0 1.5em;
}
a {
  color: #428bca;
  text-decoration: none;
}
h1, h2, h3, h4, h5, h6 {
  font-family: inherit;
  font-weight: 500;
  line-height: 1.1;
  color: inherit;
}
h1, h2, h3 {
    margin-top: 20px;
    margin-bottom: 10px;
}
h2 {
  font-size: 30px;
}
h3 {
    font-size: 24px;
}
h4 {
  font-size: 18px;
  margin-top: 10px;
  margin-bottom: 10px;
}
.titlebox {
  text-align: center;
  font-size: 120%;
  margin-top: 3em;
}
.ok     { background-color: #11AA11; } /*Tests passing*/
.fail   { background-color: #DD3333; } /*Tests failed*/
.skip   { background-color: #3333DD; } /*Tests skipped*/
.kill   { background-color: #222222; } /*Tests interrupted*/
.statusbox {
  width: 12px;
  height: 12px;
  display: inline-block;
}
hr {
  margin-top: 10px;
  margin-bottom: 0px;
  border: 0;
  border-top: 1px solid #eee;
}
.pkglisting h2 { margin-bottom: 0px; }
pre {margin: 0;}
@media (min-width: 785px) {
  .pkglisting {
    display: table;
    width: 100%;
  }
  .pkgnamedesc {
    display: table-cell;
    width: 50%;
  }
  .pkgvertest {
    display: table-cell;
    width:50%;
    text-align: right
  }
}
/* collapsible sections */
.collapsible {
  font-family: Georgia, 'Liberation Serif', serif;
  font-size: 14px;
  background: none;
  border: none;
  margin: 0;
  padding: 0;
  cursor: pointer;
}
.content {
  display: none;
  overflow: hidden;
}
</style>
  </head>

  <body>
  <div class="site">
    <!-- HEADER -->
    <div class="titlebox">
        <svg version="1.1" id="Layer_1" xmlns="http://www.w3.org/2000/svg" xmlns:xlink="http://www.w3.org/1999/xlink" x="0px" y="0px" width="210px" height="142px" viewBox="0 0 310 216" enable-background="new 0 0 310 216" xml:space="preserve">

<!-- blue dot -->
<circle fill="#6b85dd" stroke="#4266d5" stroke-width="3" cx="50.5" cy="58.665" r="16.5"></circle>
<!-- red dot -->
<circle fill="#d66661" stroke="#c93d39" stroke-width="3" cx="212.459" cy="60.249" r="16.5"></circle>
<!-- green dot -->
<circle fill="#6bab5b" stroke="#3b972e" stroke-width="3" cx="233.834" cy="23.874" r="16.5"></circle>
<!-- purple dot -->
<circle fill="#aa7dc0" stroke="#945bb0" stroke-width="3" cx="255.459" cy="59.999" r="16.5"></circle>

<!-- "j" -->
<path fill="#252525" d="M37.216,138.427c0-15.839,0.006-31.679-0.018-47.517c-0.001-0.827,0.169-1.234,1.043-1.47
    c7.876-2.127,15.739-4.308,23.606-6.47c1.33-0.366,1.333-0.36,1.333,1.019c0,25.758,0.015,51.517-0.012,77.274
    c-0.006,5.514,0.245,11.032-0.272,16.543c-0.628,6.69-2.15,13.092-6.438,18.506c-3.781,4.771-8.898,7.25-14.767,8.338
    c-6.599,1.222-13.251,1.552-19.934,0.938c-4.616-0.423-9.045-1.486-12.844-4.363c-2.863-2.168-4.454-4.935-3.745-8.603
    c0.736-3.806,3.348-5.978,6.861-7.127c2.262-0.74,4.628-0.872,6.994-0.53c1.823,0.264,3.42,1.023,4.779,2.288
    c1.38,1.284,2.641,2.674,3.778,4.177c0.872,1.15,1.793,2.256,2.991,3.086c2.055,1.426,4,0.965,5.213-1.216
    c0.819-1.473,0.997-3.106,1.173-4.731c0.255-2.348,0.255-4.707,0.256-7.062C37.218,167.145,37.216,152.786,37.216,138.427z"></path>

<!-- "u" -->
<path fill="#252525" d="M125.536,162.479c-2.908,2.385-5.783,4.312-8.88,5.904c-10.348,5.323-20.514,4.521-30.324-1.253
    c-6.71-3.95-11.012-9.849-12.52-17.606c-0.236-1.213-0.363-2.438-0.363-3.688c0.01-19.797,0.017-39.593-0.02-59.39
    c-0.002-1.102,0.285-1.357,1.363-1.351c7.798,0.049,15.597,0.044,23.396,0.003c0.95-0.005,1.177,0.25,1.175,1.183
    c-0.027,19.356-0.025,38.713-0.018,58.07c0.002,6.34,3.599,10.934,9.672,12.42c2.13,0.521,4.19,0.396,6.173-0.6
    c4.26-2.139,7.457-5.427,10.116-9.307c0.333-0.487,0.224-1,0.224-1.51c0.007-19.635,0.016-39.271-0.02-58.904
    c-0.002-1.083,0.255-1.369,1.353-1.361c7.838,0.052,15.677,0.045,23.515,0.004c0.916-0.005,1.103,0.244,1.102,1.124
    c-0.025,27.677-0.026,55.353,0.002,83.024c0.001,0.938-0.278,1.099-1.139,1.095c-7.918-0.028-15.837-0.028-23.756-0.001
    c-0.815,0.003-1.1-0.166-1.073-1.037C125.581,167.117,125.536,164.928,125.536,162.479z"></path>

<!-- "l" -->
<path fill="#252525" d="M187.423,107.08c0,20.637-0.011,41.273,0.026,61.91c0.003,1.119-0.309,1.361-1.381,1.355
    c-7.799-0.052-15.598-0.047-23.396-0.008c-0.898,0.008-1.117-0.222-1.115-1.115c0.021-39.074,0.021-78.147,0-117.226
    c0-0.811,0.189-1.169,1.006-1.392c7.871-2.149,15.73-4.327,23.584-6.545c1.045-0.295,1.308-0.17,1.306,0.985
    C187.412,65.727,187.423,86.403,187.423,107.08z"></path>

<!-- "i" -->
<path fill="#252525" d="M223.46,126.477c0,14.155-0.011,28.312,0.021,42.467c0.002,1.027-0.164,1.418-1.332,1.408
    c-7.838-0.061-15.676-0.047-23.516-0.01c-0.881,0.004-1.121-0.189-1.119-1.104c0.026-26.153,0.025-52.307,0-78.458
    c0-0.776,0.203-1.101,0.941-1.302c7.984-2.172,15.972-4.35,23.938-6.596c1.049-0.296,1.08,0.031,1.078,0.886
    C223.454,98.004,223.46,112.239,223.46,126.477z"></path>

<!-- "a" -->
<path fill="#252525" d="M277.695,163.6c-0.786,0.646-1.404,1.125-2,1.635c-4.375,3.746-9.42,5.898-15.16,6.42
    c-5.792,0.527-11.479,0.244-16.934-2.047c-12.08-5.071-15.554-17.188-11.938-27.448c1.799-5.111,5.472-8.868,9.831-11.94
    c5.681-4.003,12.009-6.732,18.504-9.074c5.576-2.014,11.186-3.939,16.955-5.347c0.445-0.104,0.773-0.243,0.757-0.854
    c-0.136-4.389,0.261-8.79-0.479-13.165c-1.225-7.209-6.617-10.013-12.895-9.348c-0.516,0.055-1.029,0.129-1.536,0.241
    c-4.877,1.081-7.312,4.413-7.374,10.127c-0.02,1.729-0.229,3.418-0.693,5.084c-0.906,3.229-2.969,5.354-6.168,6.266
    c-3.422,0.979-6.893,0.998-10.23-0.305c-6.529-2.543-8.877-10.164-5.12-16.512c2.249-3.799,5.606-6.4,9.461-8.405
    c6.238-3.246,12.914-4.974,19.896-5.537c7.565-0.61,15.096-0.366,22.49,1.507c4.285,1.085,8.312,2.776,11.744,5.657
    c4.473,3.749,6.776,8.647,6.812,14.374c0.139,21.477,0.096,42.951,0.143,64.428c0.002,0.799-0.248,0.983-1.021,0.98
    c-8.035-0.025-16.074-0.023-24.113-0.001c-0.716,0.002-0.973-0.146-0.941-0.915C277.736,167.562,277.695,165.698,277.695,163.6z
     M277.695,126.393c-4.793,2.104-9.25,4.373-13.287,7.408c-2.151,1.618-4.033,3.483-5.732,5.581
    c-4.229,5.226-1.988,13.343,1.693,16.599c1.592,1.406,3.359,1.906,5.419,1.521c1.621-0.307,3.149-0.857,4.549-1.734
    c1.521-0.951,2.949-2.072,4.539-2.887c2.31-1.18,2.97-2.861,2.894-5.445C277.561,140.484,277.695,133.527,277.695,126.393z"></path>

</svg>

        <h1>
          <a name="TransformUtils">TransformUtils</a>
        </h1>

        <p>
          <a href="../index.html#TransformUtils">← Back to package list</a>
        </p>

    </div>

    <p>
      If you think that there is an error in how your package is being tested or represented, please file an issue at <a href="https://github.com/JuliaComputing/NewPkgEval.jl">NewPkgEval.jl</a>, making sure to read the FAQ first.
    </p>


    <h3>Results with Julia v1.0.5</h3>

    <p>
      Testing was <strong>successful</strong>.
      Last evaluation was 1 day, 10 hours ago and took 38 seconds.
    </p>

    <p>
      Click <a href="/home/tim/Julia/pkg/NewPkgEval/site/build/logs/TransformUtils/1.0.5.log">here</a> to download the log file.
      
    </p>

      <button class="collapsible">Click here to show the log contents.</button>
      <div class="content">
      <pre> Resolving package versions...
 Installed TransformUtils ─ v0.2.2
  Updating `~&#x2F;.julia&#x2F;environments&#x2F;v1.0&#x2F;Project.toml`
  [9b8138ad] + TransformUtils v0.2.2
  Updating `~&#x2F;.julia&#x2F;environments&#x2F;v1.0&#x2F;Manifest.toml`
  [9b8138ad] + TransformUtils v0.2.2
  [2a0f44e3] + Base64 
  [8ba89e20] + Distributed 
  [b77e0a4c] + InteractiveUtils 
  [8f399da3] + Libdl 
  [37e2e46d] + LinearAlgebra 
  [56ddb016] + Logging 
  [d6f4376e] + Markdown 
  [de0858da] + Printf 
  [9abbd945] + Profile 
  [9a3f8284] + Random 
  [9e88b42a] + Serialization 
  [6462fe0b] + Sockets 
  [8dfed614] + Test 
  [4ec0a83e] + Unicode 
   Testing TransformUtils
    Status `&#x2F;tmp&#x2F;tmp8Xx0AU&#x2F;Manifest.toml`
  [9b8138ad] TransformUtils v0.2.2
  [2a0f44e3] Base64  [`@stdlib&#x2F;Base64`]
  [8ba89e20] Distributed  [`@stdlib&#x2F;Distributed`]
  [b77e0a4c] InteractiveUtils  [`@stdlib&#x2F;InteractiveUtils`]
  [8f399da3] Libdl  [`@stdlib&#x2F;Libdl`]
  [37e2e46d] LinearAlgebra  [`@stdlib&#x2F;LinearAlgebra`]
  [56ddb016] Logging  [`@stdlib&#x2F;Logging`]
  [d6f4376e] Markdown  [`@stdlib&#x2F;Markdown`]
  [de0858da] Printf  [`@stdlib&#x2F;Printf`]
  [9abbd945] Profile  [`@stdlib&#x2F;Profile`]
  [9a3f8284] Random  [`@stdlib&#x2F;Random`]
  [9e88b42a] Serialization  [`@stdlib&#x2F;Serialization`]
  [6462fe0b] Sockets  [`@stdlib&#x2F;Sockets`]
  [8dfed614] Test  [`@stdlib&#x2F;Test`]
  [4ec0a83e] Unicode  [`@stdlib&#x2F;Unicode`]
Test Summary:                               |
Constructors SO3, Quaternion, AngleAxis...  | No tests
Test Summary:                           | Pass  Total
Ensure basic quaternion operations hold |   10     10
Test Summary:                                       | Pass  Total
Comparison functions for SO3, Quaternion, AngleAxis |    5      5
Test Summary:                                        | Pass  Total
Trivial case quaterion -&gt; SO3 -&gt; Euler -&gt; quaternion |    2      2
┌ Warning: Need better coverage on convert function tests
└ @ Main ~&#x2F;.julia&#x2F;packages&#x2F;TransformUtils&#x2F;x61q0&#x2F;test&#x2F;runtests.jl:67
dAA = AngleAxis(0.7853981633974483, [1.0, 0.0, 0.0])
dAA = so3([0.0 0.0312433 0.0841524; -0.0312433 0.0 0.197101; -0.0841524 -0.197101 0.0])
dAA = so3([0.0 -0.0943055 -0.0472221; 0.0943055 0.0 0.101345; 0.0472221 -0.101345 0.0])
dAA = so3([0.0 -0.169452 -0.124932; 0.169452 0.0 -0.0685279; 0.124932 0.0685279 0.0])
dAA = Quaternion(0.9980391679965953, [0.0356871, 0.0457909, 0.0233976])
dAA = SO3([0.954056 0.0801041 0.288721; -0.0177089 0.976991 -0.212543; -0.299103 0.197665 0.933523])
Test Summary:                        | Pass  Total
Compare SO3 and quaternion rotations |   24     24
Test Summary:       | Pass  Total
Basic SE3 mechanics |    4      4
Compare operations on two different SE3 transforms
xi = SE3(SO3([0.965625 -0.215755 -0.144977; 0.245334 0.940776 0.233992; 0.0859062 -0.261517 0.961368]), [-1.97101, 0.841524, -0.312433])
xj = SE3(SO3([0.967172 -0.102869 0.232371; 0.143936 0.97534 -0.167312; -0.20943 0.195267 0.958129]), [0.685279, -1.24932, 1.69452])
Dx = SE3(SO3([0.951246 0.156726 0.265645; -0.0184911 0.888706 -0.458105; -0.307877 0.430859 0.848276]), [2.22443, -3.06497, 1.05508])
Test Summary:         | Pass  Total
SE3 ⊕ and ⊖ mechanics |    6      6
TransformUtils.convert(Euler, q) = Euler(0.7853981633974484, 0.0, 1.5707963267948963, Quaternion(1.0, [0.0, 0.0, 0.0]))
Test Summary:              | Pass  Total
Previous discovered issues |    3      3
Test Summary:      | Pass  Total
test SO3 logmap... |  301    301
Test Summary:                              | Pass  Total
test in-place and efficient inverse SE3... |    1      1
   Testing TransformUtils tests passed 
</pre>
      </div>

    <h3>Results with Julia v1.2.0</h3>

    <p>
      Testing was <strong>successful</strong>.
      Last evaluation was 1 day, 11 hours ago and took 34 seconds.
    </p>

    <p>
      Click <a href="/home/tim/Julia/pkg/NewPkgEval/site/build/logs/TransformUtils/1.2.0.log">here</a> to download the log file.
      
    </p>

      <button class="collapsible">Click here to show the log contents.</button>
      <div class="content">
      <pre> Resolving package versions...
 Installed TransformUtils ─ v0.2.2
  Updating `~&#x2F;.julia&#x2F;environments&#x2F;v1.2&#x2F;Project.toml`
  [9b8138ad] + TransformUtils v0.2.2
  Updating `~&#x2F;.julia&#x2F;environments&#x2F;v1.2&#x2F;Manifest.toml`
  [9b8138ad] + TransformUtils v0.2.2
  [2a0f44e3] + Base64 
  [8ba89e20] + Distributed 
  [b77e0a4c] + InteractiveUtils 
  [8f399da3] + Libdl 
  [37e2e46d] + LinearAlgebra 
  [56ddb016] + Logging 
  [d6f4376e] + Markdown 
  [de0858da] + Printf 
  [9abbd945] + Profile 
  [9a3f8284] + Random 
  [9e88b42a] + Serialization 
  [6462fe0b] + Sockets 
  [8dfed614] + Test 
  [4ec0a83e] + Unicode 
   Testing TransformUtils
    Status `&#x2F;tmp&#x2F;jl_BwjwRI&#x2F;Manifest.toml`
  [9b8138ad] TransformUtils v0.2.2
  [2a0f44e3] Base64  [`@stdlib&#x2F;Base64`]
  [8ba89e20] Distributed  [`@stdlib&#x2F;Distributed`]
  [b77e0a4c] InteractiveUtils  [`@stdlib&#x2F;InteractiveUtils`]
  [8f399da3] Libdl  [`@stdlib&#x2F;Libdl`]
  [37e2e46d] LinearAlgebra  [`@stdlib&#x2F;LinearAlgebra`]
  [56ddb016] Logging  [`@stdlib&#x2F;Logging`]
  [d6f4376e] Markdown  [`@stdlib&#x2F;Markdown`]
  [de0858da] Printf  [`@stdlib&#x2F;Printf`]
  [9abbd945] Profile  [`@stdlib&#x2F;Profile`]
  [9a3f8284] Random  [`@stdlib&#x2F;Random`]
  [9e88b42a] Serialization  [`@stdlib&#x2F;Serialization`]
  [6462fe0b] Sockets  [`@stdlib&#x2F;Sockets`]
  [8dfed614] Test  [`@stdlib&#x2F;Test`]
  [4ec0a83e] Unicode  [`@stdlib&#x2F;Unicode`]
Test Summary:                               |
Constructors SO3, Quaternion, AngleAxis...  | No tests
Test Summary:                           | Pass  Total
Ensure basic quaternion operations hold |   10     10
Test Summary:                                       | Pass  Total
Comparison functions for SO3, Quaternion, AngleAxis |    5      5
Test Summary:                                        | Pass  Total
Trivial case quaterion -&gt; SO3 -&gt; Euler -&gt; quaternion |    2      2
┌ Warning: Need better coverage on convert function tests
└ @ Main ~&#x2F;.julia&#x2F;packages&#x2F;TransformUtils&#x2F;x61q0&#x2F;test&#x2F;runtests.jl:67
dAA = AngleAxis(0.7853981633974483, [1.0, 0.0, 0.0])
dAA = so3([0.0 -0.1430203709854156 -0.14426769835699946; 0.1430203709854156 0.0 -0.03200076093453163; 0.14426769835699946 0.03200076093453163 0.0])
dAA = so3([0.0 0.009511931073761174 0.002077797007469007; -0.009511931073761174 0.0 -0.022596144318260267; -0.002077797007469007 0.022596144318260267 0.0])
dAA = so3([0.0 0.03379953135844435 0.04893784409798688; -0.03379953135844435 0.0 0.02558732308928102; -0.04893784409798688 -0.02558732308928102 0.0])
dAA = Quaternion(0.9971130664875724, [-0.05081048456407092, -0.028839984859869446, 0.048498273901211614])
dAA = SO3([0.9849254849523088 -0.04746302865159746 -0.1663401635284663; 0.058648371123016685 0.9962895869442623 0.06298751869258233; 0.16273339440961765 -0.07179359203751505 0.9840546338929941])
Test Summary:                        | Pass  Total
Compare SO3 and quaternion rotations |   24     24
Test Summary:       | Pass  Total
Basic SE3 mechanics |    4      4
Compare operations on two different SE3 transforms
xi = SE3(SO3([0.9997038619119808 0.02391150799048705 0.0045197636986966105; -0.0236181617441112 0.9981222716297429 -0.05651648708572294; -0.005862671242717271 0.05639300189121483 0.998391435471878]), [0.3200076093453163, -1.4426769835699944, 1.4302037098541558])
xj = SE3(SO3([0.9606201109742127 -0.22680074792737004 -0.16053168887006944; 0.2607263861251571 0.9354824124102888 0.23852548637229887; 0.09607681286349333 -0.2709872262867971 0.9577761582015818]), [-0.25587323089281017, 0.4893784409798687, -0.3379953135844435])
Dx = SE3(SO3([0.9536144900449078 -0.24723924949389975 -0.17173280957954337; 0.2886247481419506 0.9130208994838293 0.2882509182391876; 0.0855287035818156 -0.32444659131424447 0.9420293255775963]), [-0.6109755279366633, 1.814943319080537, -1.8771505919777924])
Test Summary:         | Pass  Total
SE3 ⊕ and ⊖ mechanics |    6      6
TransformUtils.convert(Euler, q) = Euler(0.7853981633974484, 0.0, 1.5707963267948963, Quaternion(1.0, [0.0, 0.0, 0.0]))
Test Summary:              | Pass  Total
Previous discovered issues |    3      3
Test Summary:      | Pass  Total
test SO3 logmap... |  301    301
Test Summary:                              | Pass  Total
test in-place and efficient inverse SE3... |    1      1
   Testing TransformUtils tests passed 
</pre>
      </div>

    <h3>Results with Julia v1.4.0-DEV-1ee8965da4</h3>

    <p>
      Testing was <strong>successful</strong>.
      Last evaluation was 1 day, 10 hours ago and took 34 seconds.
    </p>

    <p>
      Click <a href="/home/tim/Julia/pkg/NewPkgEval/site/build/logs/TransformUtils/1.4.0-DEV-1ee8965da4.log">here</a> to download the log file.
      
    </p>

      <button class="collapsible">Click here to show the log contents.</button>
      <div class="content">
      <pre> Resolving package versions...
 Installed TransformUtils ─ v0.2.2
  Updating `~&#x2F;.julia&#x2F;environments&#x2F;v1.4&#x2F;Project.toml`
  [9b8138ad] + TransformUtils v0.2.2
  Updating `~&#x2F;.julia&#x2F;environments&#x2F;v1.4&#x2F;Manifest.toml`
  [9b8138ad] + TransformUtils v0.2.2
  [2a0f44e3] + Base64 
  [8ba89e20] + Distributed 
  [b77e0a4c] + InteractiveUtils 
  [8f399da3] + Libdl 
  [37e2e46d] + LinearAlgebra 
  [56ddb016] + Logging 
  [d6f4376e] + Markdown 
  [de0858da] + Printf 
  [9abbd945] + Profile 
  [9a3f8284] + Random 
  [9e88b42a] + Serialization 
  [6462fe0b] + Sockets 
  [8dfed614] + Test 
  [4ec0a83e] + Unicode 
   Testing TransformUtils
Status `&#x2F;tmp&#x2F;jl_9D0CIj&#x2F;Manifest.toml`
  [9b8138ad] TransformUtils v0.2.2
  [2a0f44e3] Base64  [`@stdlib&#x2F;Base64`]
  [8ba89e20] Distributed  [`@stdlib&#x2F;Distributed`]
  [b77e0a4c] InteractiveUtils  [`@stdlib&#x2F;InteractiveUtils`]
  [8f399da3] Libdl  [`@stdlib&#x2F;Libdl`]
  [37e2e46d] LinearAlgebra  [`@stdlib&#x2F;LinearAlgebra`]
  [56ddb016] Logging  [`@stdlib&#x2F;Logging`]
  [d6f4376e] Markdown  [`@stdlib&#x2F;Markdown`]
  [de0858da] Printf  [`@stdlib&#x2F;Printf`]
  [9abbd945] Profile  [`@stdlib&#x2F;Profile`]
  [9a3f8284] Random  [`@stdlib&#x2F;Random`]
  [9e88b42a] Serialization  [`@stdlib&#x2F;Serialization`]
  [6462fe0b] Sockets  [`@stdlib&#x2F;Sockets`]
  [8dfed614] Test  [`@stdlib&#x2F;Test`]
  [4ec0a83e] Unicode  [`@stdlib&#x2F;Unicode`]
Test Summary:                               |
Constructors SO3, Quaternion, AngleAxis...  | No tests
Test Summary:                           | Pass  Total
Ensure basic quaternion operations hold |   10     10
Test Summary:                                       | Pass  Total
Comparison functions for SO3, Quaternion, AngleAxis |    5      5
Test Summary:                                        | Pass  Total
Trivial case quaterion -&gt; SO3 -&gt; Euler -&gt; quaternion |    2      2
┌ Warning: Need better coverage on convert function tests
└ @ Main ~&#x2F;.julia&#x2F;packages&#x2F;TransformUtils&#x2F;x61q0&#x2F;test&#x2F;runtests.jl:67
dAA = AngleAxis(0.7853981633974483, [1.0, 0.0, 0.0])
dAA = so3([0.0 0.07846001716901829 0.07367748031170741; -0.07846001716901829 0.0 0.05257805809714457; -0.07367748031170741 -0.05257805809714457 0.0])
dAA = so3([0.0 0.07461625839181436 0.2175690377967553; -0.07461625839181436 0.0 0.02504637693440312; -0.2175690377967553 -0.02504637693440312 0.0])
dAA = so3([0.0 0.16334326303403682 0.010505346707122205; -0.16334326303403682 0.0 0.06025741236749854; -0.010505346707122205 -0.06025741236749854 0.0])
dAA = Quaternion(0.9996981283644553, [0.014334256922569705, 0.001669564268530383, -0.019884511013261476])
dAA = SO3([0.9667787129979345 -0.15586761450291997 0.20259369892281062; 0.2072623187842661 0.9418736899885244 -0.26441687412033715; -0.14960364736939594 0.2976226450668196 0.9428889170189684])
Test Summary:                        | Pass  Total
Compare SO3 and quaternion rotations |   24     24
Test Summary:       | Pass  Total
Basic SE3 mechanics |    4      4
Compare operations on two different SE3 transforms
xi = SE3(SO3([0.8392336869203342 0.15975186646601863 0.5197751051163626; -0.19287104758376353 0.9811746793073874 0.00984924819400608; -0.508416736292231 -0.10851538990700285 0.8542463534667778]), [-0.5257805809714456, 0.7367748031170741, -0.7846001716901828])
xj = SE3(SO3([0.995028296062411 0.09939940027970953 0.006200746662207611; -0.09870174711713553 0.9925234823441179 -0.07179903976746763; -0.01329116816385328 0.07083005166974997 0.9973998439088011]), [-0.6025741236749854, 0.10505346707122204, -1.6334326303403681])
Dx = SE3(SO3([0.8608554271987222 -0.1440209023181287 -0.48804294192005016; 0.06355626870335818 0.9820319985402516 -0.17769005192060008; 0.5048648672377708 0.12194725719962325 0.8545410067928145]), [0.48895365617525, -0.5399855058697068, -0.7712493844653152])
Test Summary:         | Pass  Total
SE3 ⊕ and ⊖ mechanics |    6      6
TransformUtils.convert(Euler, q) = Euler(0.7853981633974484, 0.0, 1.5707963267948963, Quaternion(1.0, [0.0, 0.0, 0.0]))
Test Summary:              | Pass  Total
Previous discovered issues |    3      3
Test Summary:      | Pass  Total
test SO3 logmap... |  301    301
Test Summary:                              | Pass  Total
test in-place and efficient inverse SE3... |    1      1
   Testing TransformUtils tests passed 
</pre>
      </div>


  </div>
  </body>

  <script type="text/javascript">// handle collapsibles
var coll = document.getElementsByClassName("collapsible");
for (var i = 0; i < coll.length; i++) {
    coll[i].textContent = "▸ " + coll[i].textContent
    coll[i].addEventListener("click", function() {
        this.classList.toggle("active");
        var content = this.nextElementSibling;
        if (content.style.display === "block") {
            this.textContent = "▸" + this.textContent.substr(1)
            content.style.display = "none";
        } else {
            this.textContent = "▾" + this.textContent.substr(1)
            content.style.display = "block";
        }
    });
}
</script>
</html>

