 Resolving package versions...
 Installed NaNMath ─────────── v0.3.3
 Installed VersionParsing ──── v1.1.3
 Installed Graphics ────────── v0.4.0
 Installed Parsers ─────────── v0.3.10
 Installed ColorTypes ──────── v0.8.0
 Installed FFTW ────────────── v1.1.0
 Installed BinaryProvider ──── v0.5.8
 Installed AprilTags ───────── v0.7.1
 Installed Reexport ────────── v0.2.0
 Installed Conda ───────────── v1.3.0
 Installed MappedArrays ────── v0.2.2
 Installed AbstractFFTs ────── v0.5.0
 Installed OffsetArrays ────── v0.11.1
 Installed JSON ────────────── v0.21.0
 Installed FixedPointNumbers ─ v0.5.3
 Installed Distances ───────── v0.8.2
 Installed PaddedViews ─────── v0.4.2
 Installed ImageDraw ───────── v0.2.2
 Installed Compat ──────────── v2.2.0
 Installed Colors ──────────── v0.9.6
 Installed ImageCore ───────── v0.8.4
  Updating `~/.julia/environments/v1.0/Project.toml`
  [f0fec3d5] + AprilTags v0.7.1
  Updating `~/.julia/environments/v1.0/Manifest.toml`
  [621f4979] + AbstractFFTs v0.5.0
  [f0fec3d5] + AprilTags v0.7.1
  [b99e7846] + BinaryProvider v0.5.8
  [3da002f7] + ColorTypes v0.8.0
  [5ae59095] + Colors v0.9.6
  [34da2185] + Compat v2.2.0
  [8f4d0f93] + Conda v1.3.0
  [b4f34e82] + Distances v0.8.2
  [7a1cc6ca] + FFTW v1.1.0
  [53c48c17] + FixedPointNumbers v0.5.3
  [a2bd30eb] + Graphics v0.4.0
  [a09fc81d] + ImageCore v0.8.4
  [4381153b] + ImageDraw v0.2.2
  [682c06a0] + JSON v0.21.0
  [dbb5928d] + MappedArrays v0.2.2
  [77ba4419] + NaNMath v0.3.3
  [6fe1bfb0] + OffsetArrays v0.11.1
  [5432bcbf] + PaddedViews v0.4.2
  [69de0a69] + Parsers v0.3.10
  [189a3867] + Reexport v0.2.0
  [81def892] + VersionParsing v1.1.3
  [2a0f44e3] + Base64 
  [ade2ca70] + Dates 
  [8bb1440f] + DelimitedFiles 
  [8ba89e20] + Distributed 
  [b77e0a4c] + InteractiveUtils 
  [76f85450] + LibGit2 
  [8f399da3] + Libdl 
  [37e2e46d] + LinearAlgebra 
  [56ddb016] + Logging 
  [d6f4376e] + Markdown 
  [a63ad114] + Mmap 
  [44cfe95a] + Pkg 
  [de0858da] + Printf 
  [3fa0cd96] + REPL 
  [9a3f8284] + Random 
  [ea8e919c] + SHA 
  [9e88b42a] + Serialization 
  [1a1011a3] + SharedArrays 
  [6462fe0b] + Sockets 
  [2f01184e] + SparseArrays 
  [10745b16] + Statistics 
  [8dfed614] + Test 
  [cf7118a7] + UUIDs 
  [4ec0a83e] + Unicode 
  Building Conda ────→ `~/.julia/packages/Conda/kLXeC/deps/build.log`
  Building FFTW ─────→ `~/.julia/packages/FFTW/loJ3F/deps/build.log`
  Building AprilTags → `~/.julia/packages/AprilTags/LUGzE/deps/build.log`
   Testing AprilTags
 Resolving package versions...
 Installed ImageMagick ─ v0.7.5
 Installed FileIO ────── v1.0.7
  Building ImageMagick → `~/.julia/packages/ImageMagick/vMfoS/deps/build.log`
    Status `/tmp/tmppAdmuo/Manifest.toml`
  [621f4979] AbstractFFTs v0.5.0
  [f0fec3d5] AprilTags v0.7.1
  [b99e7846] BinaryProvider v0.5.8
  [3da002f7] ColorTypes v0.8.0
  [5ae59095] Colors v0.9.6
  [34da2185] Compat v2.2.0
  [8f4d0f93] Conda v1.3.0
  [b4f34e82] Distances v0.8.2
  [7a1cc6ca] FFTW v1.1.0
  [5789e2e9] FileIO v1.0.7
  [53c48c17] FixedPointNumbers v0.5.3
  [a2bd30eb] Graphics v0.4.0
  [a09fc81d] ImageCore v0.8.4
  [4381153b] ImageDraw v0.2.2
  [6218d12a] ImageMagick v0.7.5
  [682c06a0] JSON v0.21.0
  [dbb5928d] MappedArrays v0.2.2
  [77ba4419] NaNMath v0.3.3
  [6fe1bfb0] OffsetArrays v0.11.1
  [5432bcbf] PaddedViews v0.4.2
  [69de0a69] Parsers v0.3.10
  [189a3867] Reexport v0.2.0
  [81def892] VersionParsing v1.1.3
  [2a0f44e3] Base64  [`@stdlib/Base64`]
  [ade2ca70] Dates  [`@stdlib/Dates`]
  [8bb1440f] DelimitedFiles  [`@stdlib/DelimitedFiles`]
  [8ba89e20] Distributed  [`@stdlib/Distributed`]
  [b77e0a4c] InteractiveUtils  [`@stdlib/InteractiveUtils`]
  [76f85450] LibGit2  [`@stdlib/LibGit2`]
  [8f399da3] Libdl  [`@stdlib/Libdl`]
  [37e2e46d] LinearAlgebra  [`@stdlib/LinearAlgebra`]
  [56ddb016] Logging  [`@stdlib/Logging`]
  [d6f4376e] Markdown  [`@stdlib/Markdown`]
  [a63ad114] Mmap  [`@stdlib/Mmap`]
  [44cfe95a] Pkg  [`@stdlib/Pkg`]
  [de0858da] Printf  [`@stdlib/Printf`]
  [3fa0cd96] REPL  [`@stdlib/REPL`]
  [9a3f8284] Random  [`@stdlib/Random`]
  [ea8e919c] SHA  [`@stdlib/SHA`]
  [9e88b42a] Serialization  [`@stdlib/Serialization`]
  [1a1011a3] SharedArrays  [`@stdlib/SharedArrays`]
  [6462fe0b] Sockets  [`@stdlib/Sockets`]
  [2f01184e] SparseArrays  [`@stdlib/SparseArrays`]
  [10745b16] Statistics  [`@stdlib/Statistics`]
  [8dfed614] Test  [`@stdlib/Test`]
  [cf7118a7] UUIDs  [`@stdlib/UUIDs`]
  [4ec0a83e] Unicode  [`@stdlib/Unicode`]
4×4 Array{Float64,2}:
  0.999697    0.00123186  -0.0245843   -101.056
 -0.0011114   0.999987     0.00491262  -101.135
  0.0245901  -0.00488381   0.999686    1496.08 
  0.0         0.0          0.0            1.0  4×4 Array{Float64,2}:
  0.702515   -0.0102573  0.711595     -1.15637
 -0.0138346   0.99951    0.0280655    -1.41192
 -0.711534   -0.029561   0.702029   1495.46   
  0.0         0.0        0.0           1.0    4×4 Array{Float64,2}:
  0.71746     0.00430699   0.696586     99.3008
  0.00703057  0.999885    -0.0134235    99.3527
 -0.696564    0.0145283    0.717347   1003.03  
  0.0         0.0          0.0           1.0   4×4 Array{Float64,2}:
  0.99951    -0.0138353  0.028067    -1.41192
 -0.0102577   0.702518   0.711592    -1.15636
 -0.0295627  -0.711531   0.702032  1495.46   
  0.0         0.0        0.0          1.0    4×4 Array{Float64,2}:
 0.70753    0.00012786  -0.706684    -1.38525
 0.499766   0.706924     0.500492   -62.4254 
 0.499636  -0.707289     0.500106  2062.98   
 0.0        0.0          0.0          1.0    ┌ Warning: AprilTags Detector does not exist
└ @ AprilTags ~/.julia/packages/AprilTags/LUGzE/src/helpers.jl:175
┌ Warning: AprilTags family does not exist
└ @ AprilTags ~/.julia/packages/AprilTags/LUGzE/src/helpers.jl:181
┌ Warning: AprilTags family does not exist
└ @ AprilTags ~/.julia/packages/AprilTags/LUGzE/src/helpers.jl:181
Test Summary: | Pass  Total
AprilTags     |   52     52
   Testing AprilTags tests passed 
