 Resolving package versions...
 Installed URIParser ──────── v0.4.0
 Installed Quante ─────────── v0.1.0
 Installed Parsers ────────── v0.3.10
 Installed BinDeps ────────── v0.8.10
 Installed BenchmarkTools ─── v0.4.3
 Installed SpecialFunctions ─ v0.8.0
 Installed JSON ───────────── v0.21.0
 Installed BinaryProvider ─── v0.5.8
 Installed Compat ─────────── v2.2.0
  Updating `~/.julia/environments/v1.0/Project.toml`
  [62e6779b] + Quante v0.1.0
  Updating `~/.julia/environments/v1.0/Manifest.toml`
  [6e4b80f9] + BenchmarkTools v0.4.3
  [9e28174c] + BinDeps v0.8.10
  [b99e7846] + BinaryProvider v0.5.8
  [34da2185] + Compat v2.2.0
  [682c06a0] + JSON v0.21.0
  [69de0a69] + Parsers v0.3.10
  [62e6779b] + Quante v0.1.0
  [276daf66] + SpecialFunctions v0.8.0
  [30578b45] + URIParser v0.4.0
  [2a0f44e3] + Base64 
  [ade2ca70] + Dates 
  [8bb1440f] + DelimitedFiles 
  [8ba89e20] + Distributed 
  [b77e0a4c] + InteractiveUtils 
  [76f85450] + LibGit2 
  [8f399da3] + Libdl 
  [37e2e46d] + LinearAlgebra 
  [56ddb016] + Logging 
  [d6f4376e] + Markdown 
  [a63ad114] + Mmap 
  [44cfe95a] + Pkg 
  [de0858da] + Printf 
  [3fa0cd96] + REPL 
  [9a3f8284] + Random 
  [ea8e919c] + SHA 
  [9e88b42a] + Serialization 
  [1a1011a3] + SharedArrays 
  [6462fe0b] + Sockets 
  [2f01184e] + SparseArrays 
  [10745b16] + Statistics 
  [8dfed614] + Test 
  [cf7118a7] + UUIDs 
  [4ec0a83e] + Unicode 
  Building SpecialFunctions → `~/.julia/packages/SpecialFunctions/ne2iw/deps/build.log`
   Testing Quante
    Status `/tmp/tmpEQSFjL/Manifest.toml`
  [6e4b80f9] BenchmarkTools v0.4.3
  [9e28174c] BinDeps v0.8.10
  [b99e7846] BinaryProvider v0.5.8
  [34da2185] Compat v2.2.0
  [682c06a0] JSON v0.21.0
  [69de0a69] Parsers v0.3.10
  [62e6779b] Quante v0.1.0
  [276daf66] SpecialFunctions v0.8.0
  [30578b45] URIParser v0.4.0
  [2a0f44e3] Base64  [`@stdlib/Base64`]
  [ade2ca70] Dates  [`@stdlib/Dates`]
  [8bb1440f] DelimitedFiles  [`@stdlib/DelimitedFiles`]
  [8ba89e20] Distributed  [`@stdlib/Distributed`]
  [b77e0a4c] InteractiveUtils  [`@stdlib/InteractiveUtils`]
  [76f85450] LibGit2  [`@stdlib/LibGit2`]
  [8f399da3] Libdl  [`@stdlib/Libdl`]
  [37e2e46d] LinearAlgebra  [`@stdlib/LinearAlgebra`]
  [56ddb016] Logging  [`@stdlib/Logging`]
  [d6f4376e] Markdown  [`@stdlib/Markdown`]
  [a63ad114] Mmap  [`@stdlib/Mmap`]
  [44cfe95a] Pkg  [`@stdlib/Pkg`]
  [de0858da] Printf  [`@stdlib/Printf`]
  [3fa0cd96] REPL  [`@stdlib/REPL`]
  [9a3f8284] Random  [`@stdlib/Random`]
  [ea8e919c] SHA  [`@stdlib/SHA`]
  [9e88b42a] Serialization  [`@stdlib/Serialization`]
  [1a1011a3] SharedArrays  [`@stdlib/SharedArrays`]
  [6462fe0b] Sockets  [`@stdlib/Sockets`]
  [2f01184e] SparseArrays  [`@stdlib/SparseArrays`]
  [10745b16] Statistics  [`@stdlib/Statistics`]
  [8dfed614] Test  [`@stdlib/Test`]
  [cf7118a7] UUIDs  [`@stdlib/UUIDs`]
  [4ec0a83e] Unicode  [`@stdlib/Unicode`]
┌ Warning: `lgamma(x::Real)` is deprecated, use `(logabsgamma(x))[1]` instead.
│   caller = gser at gamma.jl:27 [inlined]
└ @ Core ~/.julia/packages/Quante/vuQmp/src/gamma.jl:27
┌ Warning: `lgamma(x::Real)` is deprecated, use `(logabsgamma(x))[1]` instead.
│   caller = gcf(::Float64, ::Float64, ::Int64, ::Float64, ::Float64) at gamma.jl:46
└ @ Quante ~/.julia/packages/Quante/vuQmp/src/gamma.jl:46
Nel=14 Nclosed=7
SCF: Iteration TotalEnergy :=: Enuke + Eone + Etwo
HF: 1  -107.38090452350781 : 22.5140712945591    -101.24781936281877    -28.64715645524814
HF: 2  -108.77382756395968 : 22.5140712945591    -97.5310034462653    -33.756895412253485
HF: 3  -110.12551264856458 : 22.5140712945591    -98.67546170673995    -33.96412223638372
HF: 4  -110.76189261141118 : 22.5140712945591    -98.56583645141056    -34.71012745455972
HF: 5  -111.03516071971421 : 22.5140712945591    -98.5459434901045    -35.0032885241688
HF: 6  -111.14790948406991 : 22.5140712945591    -98.53039523396353    -35.13158554466549
HF: 7  -111.19369941830118 : 22.5140712945591    -98.522585584206    -35.18518512865429
HF: 8  -111.21217070361581 : 22.5140712945591    -98.5183197857773    -35.20792221239761
HF: 9  -111.21959899289303 : 22.5140712945591    -98.51597841497615    -35.21769187247598
HF: 10  -111.2225818250869 : 22.5140712945591    -98.51467569564436    -35.22197742400166
HF: 11  -111.22377864597377 : 22.5140712945591    -98.51394271465338    -35.223907225879486
HF: 12  -111.2242586494659 : 22.5140712945591    -98.51352588607547    -35.22480405794953
HF: 13  -111.22445111774059 : 22.5140712945591    -98.51328640814987    -35.225236004149814
HF: 14  -111.22452828354255 : 22.5140712945591    -98.51314743694395    -35.225452141157696
HF: 15  -111.22455922038218 : 22.5140712945591    -98.51306598867731    -35.225564526263966
HF: 16  -111.22457162368042 : 22.5140712945591    -98.51301778390972    -35.225625134329796
HF: 17  -111.22457659678551 : 22.5140712945591    -98.51298897773383    -35.22565891361078
HF: 18  -111.22457859095763 : 22.5140712945591    -98.5129716008574    -35.225678284659345
HF: 19  -111.22457939070917 : 22.5140712945591    -98.51296102271675    -35.22568966255152
320.046068 seconds (350.64 M allocations: 31.209 GiB, 2.31% gc time)
CO Energy: -111.22457939070917 S&O STO-3G: -111.225
Nel=14 Nclosed=7
SCF: Iteration TotalEnergy :=: Enuke + Eone + Etwo
HF: 1  -104.09363805438086 : 23.625843780135007    -97.40203431602245    -30.317447518493406
HF: 2  -105.54021878932969 : 23.625843780135007    -96.78542951388084    -32.38063305558385
HF: 3  -106.2473142995073 : 23.625843780135007    -96.48366977076455    -33.389488308877745
HF: 4  -106.55317544462585 : 23.625843780135007    -96.33882609816777    -33.84019312659307
HF: 5  -106.67974978984341 : 23.625843780135007    -96.26909146511925    -34.036502104859174
HF: 6  -106.7311912182281 : 23.625843780135007    -96.23519312549074    -34.12184187287238
HF: 7  -106.75193271299693 : 23.625843780135007    -96.21852152362196    -34.159254969509995
HF: 8  -106.760265118132 : 23.625843780135007    -96.21022274232872    -34.175886155938294
HF: 9  -106.76360641865631 : 23.625843780135007    -96.2060425020013    -34.18340769679002
HF: 10  -106.76494501912066 : 23.625843780135007    -96.20391249208274    -34.18687630717293
HF: 11  -106.76548101280287 : 23.625843780135007    -96.20281498990609    -34.188509803031785
HF: 12  -106.76569556638694 : 23.625843780135007    -96.20224331120849    -34.189296035313454
HF: 13  -106.76578143418072 : 23.625843780135007    -96.2019423367644    -34.18968287755131
HF: 14  -106.76581579569233 : 23.625843780135007    -96.2017822101294    -34.18987736569795
HF: 15  -106.76582954493614 : 23.625843780135007    -96.2016961342884    -34.18997719078274
HF: 16  -106.76583504617494 : 23.625843780135007    -96.20164939337306    -34.190029432936875
HF: 17  -106.76583724719518 : 23.625843780135007    -96.20162376029768    -34.1900572670325
HF: 18  -106.76583812778918 : 23.625843780135007    -96.20160956816301    -34.19007233976118
307.298489 seconds (335.91 M allocations: 30.496 GiB, 2.22% gc time)
N2 Energy: -106.76583812778918 S&O STO-3G: -107.496
S: 0.6065306597126335
T: 0.6065306597126335
V: 0.0 -0.8281442160449487
V: 0.25 -0.7990419008379454
V: 0.5 -0.7228383060053437
V: 0.75 -0.6248255535636188
V: 1.0 -0.5287466568645792
Testing simple molecules, sto-3g energy...
Building basis
2 basis functions
Calculating 1e ints
Calculating 2e ints
4.0 ints to calculate. Each '.' is 2.0
...Nel=2 Nclosed=1
S=
[1.0 0.664739; 0.664739 1.0]
h=
[-1.12581 -0.968126; -0.968126 -1.12581]
T=
[0.760032 0.241419; 0.241419 0.760032]
V=
[-1.88584 -1.20954; -1.20954 -1.88584]
E: [-1.25782, -0.470335]
U: [-0.54804 1.22122; -0.54804 -1.22122]
2e ints:
[0.774606, 0.448837, 0.302545, 0.572794, 0.448837, 0.774606]
SCF: Iteration TotalEnergy :=: Enuke + Eone + Etwo
D=
[0.300347 0.300347; 0.300347 0.300347]
HF: 1  -1.1170995844339022 : 0.7223600367025186    -1.2578170586017612    -0.5816425625346597
D=
[0.300347 0.300347; 0.300347 0.300347]
HF: 2  -1.1170995844339022 : 0.7223600367025186    -1.257817058601761    -0.5816425625346597
  0.821300 seconds (304.10 k allocations: 18.904 MiB, 1.21% gc time)
Nel=10 Nclosed=5
SCF: Iteration TotalEnergy :=: Enuke + Eone + Etwo
HF: 1  -73.22680978358555 : 9.32951149630016    -63.77027687859044    -18.78604440129527
HF: 2  -74.2149159113277 : 9.32951149630016    -62.1467937391635    -21.39763366846436
HF: 3  -74.65232617993207 : 9.32951149630016    -61.60442546329225    -22.37741221293999
HF: 4  -74.83500305481671 : 9.32951149630016    -61.412699497650145    -22.75181505346673
HF: 5  -74.9095156250628 : 9.32951149630016    -61.34404412114766    -22.894983000215298
HF: 6  -74.93961679589052 : 9.32951149630016    -61.31951618234057    -22.949612109850115
HF: 7  -74.95172849824829 : 9.32951149630016    -61.3108937264046    -22.970346268143846
HF: 8  -74.95659385916852 : 9.32951149630016    -61.307978653850405    -22.978126701618276
HF: 9  -74.95854705490727 : 9.32951149630016    -61.30707845290759    -22.980980098299835
HF: 10  -74.95933100370036 : 9.32951149630016    -61.306863356703424    -22.9819791432971
HF: 11  -74.95964565542852 : 9.32951149630016    -61.30686209918363    -22.98229505254504
HF: 12  -74.95977196011627 : 9.32951149630016    -61.30691356037699    -22.982369896039444
HF: 13  -74.95982266894308 : 9.32951149630016    -61.30696693533911    -22.98236722990413
HF: 14  -74.9598430319484 : 9.32951149630016    -61.30700933302658    -22.98234519522199
HF: 15  -74.95985121113256 : 9.32951149630016    -61.30703993462866    -22.982322772804057
HF: 16  -74.95985449739045 : 9.32951149630016    -61.30706106695965    -22.98230492673096
HF: 17  -74.95985581816807 : 9.32951149630016    -61.3070753334867    -22.982291980981525
HF: 18  -74.95985634918299 : 9.32951149630016    -61.30708484817706    -22.98228299730609
 49.929792 seconds (51.71 M allocations: 4.717 GiB, 1.84% gc time)
Building basis
6 basis functions
Calculating 1e ints
Calculating 2e ints
324.0 ints to calculate. Each '.' is 18.0
.....................Nel=4 Nclosed=2
S=
[1.0 0.241137 0.0 0.0 -3.33891e-18 0.0623882; 0.241137 1.0 0.0 0.0 8.09042e-18 0.387785; 0.0 0.0 1.0 0.0 0.0 0.0; 0.0 0.0 0.0 1.0 0.0 0.0; -3.33891e-18 8.09042e-18 0.0 0.0 1.0 0.507155; 0.0623882 0.387785 0.0 0.0 0.507155 1.0]
h=
[-4.73075 -1.06286 0.0 0.0 -0.0155138 -0.283024; -1.06286 -1.39257 0.0 0.0 -0.120495 -0.674709; 0.0 0.0 -1.13302 0.0 0.0 0.0; 0.0 0.0 0.0 -1.13302 0.0 0.0; -0.0155138 -0.120495 0.0 0.0 -1.22977 -0.823105; -0.283024 -0.674709 0.0 0.0 -0.823105 -1.43831]
T=
[3.57679 -0.0202374 0.0 0.0 1.00507e-16 -0.015182; -0.0202374 0.102163 0.0 0.0 9.47287e-18 0.0401636; 0.0 0.0 0.319682 0.0 0.0 0.0; 0.0 0.0 0.0 0.319682 0.0 0.0; 1.00507e-16 9.47287e-18 0.0 0.0 0.319682 0.12398; -0.015182 0.0401636 0.0 0.0 0.12398 0.760032]
V=
[-8.30753 -1.04263 0.0 0.0 -0.0155138 -0.267842; -1.04263 -1.49473 0.0 0.0 -0.120495 -0.714872; 0.0 0.0 -1.4527 0.0 0.0 0.0; 0.0 0.0 0.0 -1.4527 0.0 0.0; -0.0155138 -0.120495 0.0 0.0 -1.54945 -0.947085; -0.267842 -0.714872 0.0 0.0 -0.947085 -2.19834]
E: [-4.73267, -1.48603, -1.13302, -1.13302, -1.11544, -0.947997]
U: [-1.0055 0.107055 3.24171e-15 8.90113e-16 -0.189773 0.0713136; 0.0250152 -0.305838 -1.57421e-14 -3.62258e-15 0.936575 -0.596017; 0.0 -9.71445e-17 -0.994651 0.103289 -1.63203e-14 -2.22045e-16; 0.0 4.33681e-17 0.103289 0.994651 5.66214e-15 6.245e-17; -0.00166603 -0.31813 7.52089e-15 1.69627e-15 -0.424864 -1.07387; -0.00427933 -0.667088 3.82534e-15 9.19813e-16 -0.238277 1.09047]
2e ints:
[1.6804, 0.26542, 0.0499415, 0.397727, 0.0928601, 0.290562, 0.0, 0.0, 0.0, 0.00898132, 0.0, 0.0, 0.0, 0.0137883, 0.0641843, 0.39664, 0.0928804, 0.290497, 0.0, 0.0, 0.312946, 0.0, 0.0, 0.0, 0.0, 0.0, 0.0, 0.00898132, 0.0, 0.0, 0.0, 0.0, 0.0, 0.0, 0.0137883, 0.0641843, 0.0, 0.0, 0.0, 0.0, 0.0, 0.0, 0.0, 0.0, 0.0168691, 0.39664, 0.0928804, 0.290497, 0.0, 0.0, 0.279207, 0.0, 0.0, 0.0, 0.312946, -9.64556e-18, -1.23684e-18, 1.88988e-18, 0.0, 0.0, 2.05467e-18, 0.0, 0.0, 0.0, 2.05467e-18, 0.00898132, 4.98053e-18, 3.26199e-18, 1.61918e-18, 0.0, 0.0, 6.55781e-18, 0.0, 0.0, 0.0, 6.55781e-18, 0.0137883, 0.0641843, 0.0, 0.0, 0.0, 1.18991e-18, 2.8004e-18, 0.0, 0.0, 0.0, 0.0, 0.0, 0.0, 0.0, 0.0168691, 0.0, 0.0, 0.0, 0.0, 0.0, 0.0, 1.18991e-18, 2.8004e-18, 0.0, 0.0, 0.0, 0.0, 0.0, 0.0168691, 0.39664, 0.0928804, 0.290497, 0.0, 0.0, 0.279207, 0.0, 0.0, 0.0, 0.279207, 4.43448e-18, 1.21586e-17, 0.0, 0.0, 0.312946, 0.066734, 0.0126206, 0.0238855, 0.0, 0.0, 0.0236048, 0.0, 0.0, 0.0, 0.0236048, 0.00149227, 0.00289116, 0.0, 0.0, 0.0244576, 0.00348627, 0.145964, 0.0344357, 0.112623, 0.0, 0.0, 0.106962, 0.0, 0.0, 0.0, 0.106962, 0.00561013, 0.0330511, 0.0, 0.0, 0.123826, 0.010378, 0.0709084, 0.0, 0.0, 0.0, 0.00286695, 0.0130553, 0.0, 0.0, 0.0, 0.0, 0.0, 0.0, 0.0, 0.00518502, 0.0, 0.0, 0.0, 0.0, 0.00528063, 0.0, 0.0, 0.0, 0.0, 0.0, 0.0, 0.00286695, 0.0130553, 0.0, 0.0, 0.0, 0.0, 0.0, 0.00518502, 0.0, 0.0, 0.0, 0.0, 0.00528063, 0.177719, 0.0423936, 0.144009, 0.0, 0.0, 0.134342, 0.0, 0.0, 0.0, 0.134342, 0.00872113, 0.0505778, 0.0, 0.0, 0.163169, 0.0133264, 0.0995615, 0.0, 0.0, 0.141984, 0.323581, 0.0777095, 0.278147, 0.0, 0.0, 0.253934, 0.0, 0.0, 0.0, 0.253934, 0.0147601, 0.104753, 0.0, 0.0, 0.32621, 0.02454, 0.217342, 0.0, 0.0, 0.317392, 0.774606]
SCF: Iteration TotalEnergy :=: Enuke + Eone + Etwo
D=
[1.02248 -0.0578941 -1.03998e-17 4.64276e-18 -0.0323822 -0.0671121; -0.0578941 0.0941628 2.97105e-17 -1.32636e-17 0.0972548 0.203914; -1.03998e-17 2.97105e-17 9.43706e-33 -4.21297e-33 3.09046e-17 6.48039e-17; 4.64276e-18 -1.32636e-17 -4.21297e-33 1.88079e-33 -1.37967e-17 -2.89303e-17; -0.0323822 0.0972548 3.09046e-17 -1.37967e-17 0.10121 0.212228; -0.0671121 0.203914 6.48039e-17 -2.89303e-17 0.212228 0.445025]
HF: 1  -7.832248066137742 : 0.9739538361317303    -6.21869911666845    -2.5875027856010218
D=
[1.01487 -0.0464329 -4.51229e-17 7.38265e-17 -0.0494181 -0.0755288; -0.0464329 0.143781 3.47458e-17 -2.0021e-17 0.131591 0.222862; -4.51229e-17 3.47458e-17 1.08512e-32 -8.96883e-33 3.32963e-17 5.74211e-17; 7.38265e-17 -2.0021e-17 -8.96883e-33 1.06586e-32 -2.02185e-17 -3.31907e-17; -0.0494181 0.131591 3.32963e-17 -2.02185e-17 0.121879 0.208785; -0.0755288 0.222862 5.74211e-17 -3.31907e-17 0.208785 0.36667]
HF: 2  -7.848034551131687 : 0.9739538361317303    -6.211744542227801    -2.6102438450356162
D=
[1.01148 -0.0419981 -4.47717e-17 2.37879e-16 -0.0573207 -0.080171; -0.0419981 0.170656 1.18256e-17 -3.02309e-17 0.146991 0.233526; -4.47717e-17 1.18256e-17 5.60574e-33 -1.23901e-32 1.24045e-17 2.12305e-17; 2.37879e-16 -3.02309e-17 -1.23901e-32 7.77377e-32 -3.27313e-17 -4.84408e-17; -0.0573207 0.146991 1.24045e-17 -3.27313e-17 0.127978 0.204521; -0.080171 0.233526 2.12305e-17 -4.84408e-17 0.204521 0.331582]
HF: 3  -7.855236478240506 : 0.9739538361317303    -6.207801475558348    -2.621388838813888
D=
[1.01007 -0.0406264 -2.85466e-18 1.64588e-16 -0.0609024 -0.082819; -0.0406264 0.185742 1.26311e-17 -1.99141e-17 0.15375 0.239843; -2.85466e-18 1.26311e-17 3.23555e-33 -3.6005e-33 1.08287e-17 1.77565e-17; 1.64588e-16 -1.99141e-17 -3.6005e-33 3.92804e-32 -2.15286e-17 -3.15037e-17; -0.0609024 0.15375 1.08287e-17 -2.15286e-17 0.12852 0.200819; -0.082819 0.239843 1.77565e-17 -3.15037e-17 0.200819 0.315892]
HF: 4  -7.858378838595768 : 0.9739538361317303    -6.2055815671524455    -2.6267511075750525
D=
[1.00955 -0.040511 2.03925e-18 7.52695e-17 -0.0624609 -0.0843911; -0.040511 0.194573 2.35406e-17 -3.43233e-17 0.15661 0.243798; 2.03925e-18 2.35406e-17 4.21563e-33 -5.44439e-33 1.87336e-17 2.95843e-17; 7.52695e-17 -3.43233e-17 -5.44439e-33 2.15165e-32 -2.95838e-17 -4.51511e-17; -0.0624609 0.15661 1.87336e-17 -2.95838e-17 0.127213 0.197925; -0.0843911 0.243798 2.95843e-17 -4.51511e-17 0.197925 0.308893]
HF: 5  -7.859727276491851 : 0.9739538361317303    -6.204331875967686    -2.629349236655895
D=
[1.00942 -0.040846 1.03622e-17 -3.90341e-17 -0.0630884 -0.0853635; -0.040846 0.199967 2.68728e-17 -7.94855e-18 0.157738 0.24639; 1.03622e-17 2.68728e-17 4.46557e-33 -2.83054e-33 2.06732e-17 3.26418e-17; -3.90341e-17 -7.94855e-18 -2.83054e-33 1.65732e-32 -5.19166e-18 -8.57304e-18; -0.0630884 0.157738 2.06732e-17 -5.19166e-18 0.12552 0.195758; -0.0853635 0.24639 3.26418e-17 -8.57304e-18 0.195758 0.305789]
HF: 6  -7.860304274545033 : 0.9739538361317303    -6.203620980258186    -2.6306371304185774
D=
[1.00945 -0.0412877 1.76577e-17 -1.36788e-17 -0.0633 -0.0859879; -0.0412877 0.203394 1.76485e-17 -8.67237e-18 0.158118 0.248149; 1.76577e-17 1.76485e-17 2.54196e-33 -1.41885e-33 1.31139e-17 2.0884e-17; -1.36788e-17 -8.67237e-18 -1.41885e-33 6.87492e-33 -6.33208e-18 -1.01173e-17; -0.0633 0.158118 1.31139e-17 -6.33208e-18 0.123967 0.194167; -0.0859879 0.248149 2.0884e-17 -1.01173e-17 0.194167 0.304426]
HF: 7  -7.860552381533147 : 0.9739538361317303    -6.203208291024284    -2.631297926640593
D=
[1.00953 -0.0417016 -5.90168e-17 -7.36371e-17 -0.0633357 -0.0864018; -0.0417016 0.205646 2.81455e-17 9.11756e-20 0.158191 0.249368; -5.90168e-17 2.81455e-17 1.09541e-32 6.9765e-33 2.32852e-17 3.60416e-17; -7.36371e-17 9.11756e-20 6.9765e-33 1.0425e-32 2.29499e-18 2.67679e-18; -0.0633357 0.158191 2.32852e-17 2.29499e-18 0.122701 0.19301; -0.0864018 0.249368 3.60416e-17 2.67679e-18 0.19301 0.30384]
HF: 8  -7.86066009453474 : 0.9739538361317303    -6.202961996364978    -2.6316519343014915
D=
[1.00962 -0.0420454 -1.07279e-18 4.20827e-17 -0.0633046 -0.086683; -0.0420454 0.207165 2.6978e-17 -1.3016e-17 0.15815 0.250226; -1.07279e-18 2.6978e-17 7.46189e-33 4.09836e-33 2.04531e-17 3.24313e-17; 4.20827e-17 -1.3016e-17 4.09836e-33 1.34344e-32 -1.11412e-17 -1.71272e-17; -0.0633046 0.15815 2.04531e-17 -1.11412e-17 0.121724 0.192173; -0.086683 0.250226 3.24313e-17 -1.71272e-17 0.192173 0.303598]
HF: 9  -7.860707449744913 : 0.9739538361317303    -6.20281029269267    -2.631850993183973
D=
[1.00969 -0.0423145 1.14191e-17 -1.23965e-16 -0.0632545 -0.0868774; -0.0423145 0.208209 2.53981e-17 1.438e-17 0.158076 0.250835; 1.14191e-17 2.53981e-17 5.0526e-33 5.46361e-34 1.87706e-17 3.00081e-17; -1.23965e-16 1.438e-17 5.46361e-34 3.95971e-32 1.46068e-17 2.16113e-17; -0.0632545 0.158076 1.87706e-17 1.46068e-17 0.120992 0.191569; -0.0868774 0.250835 3.00081e-17 2.16113e-17 0.191569 0.303505]
HF: 10  -7.860728572894484 : 0.9739538361317303    -6.202713832027848    -2.6319685769983656
D=
[1.00975 -0.0425185 -5.81958e-17 -4.63878e-17 -0.063205 -0.0870135; -0.0425185 0.208937 3.71943e-17 -2.87739e-18 0.158002 0.251269; -5.81958e-17 3.71943e-17 1.32957e-32 -1.77546e-33 2.9672e-17 4.65292e-17; -4.63878e-17 -2.87739e-18 -1.77546e-33 1.64349e-32 -7.10488e-19 -1.77275e-18; -0.063205 0.158002 2.9672e-17 -7.10488e-19 0.120453 0.191134; -0.0870135 0.251269 4.65292e-17 -1.77275e-18 0.191134 0.303476]
HF: 11  -7.860738142365879 : 0.9739538361317303    -6.202650690446734    -2.6320412880508743
D=
[1.0098 -0.0426701 1.28586e-17 -1.69682e-17 -0.0631629 -0.0871097; -0.0426701 0.209449 6.31989e-18 -5.59921e-18 0.15794 0.251579; 1.28586e-17 6.31989e-18 7.8693e-33 -3.68821e-34 4.36479e-18 7.1095e-18; -1.69682e-17 -5.59921e-18 -3.68821e-34 6.73194e-33 -3.65317e-18 -6.07212e-18; -0.0631629 0.15794 4.36479e-18 -3.65317e-18 0.12006 0.190821; -0.0871097 0.251579 7.1095e-18 -6.07212e-18 0.190821 0.303472]
HF: 12  -7.860742546752991 : 0.9739538361317303    -6.2026083351852375    -2.632088047699483
D=
[1.00983 -0.0427814 7.78415e-17 1.29784e-16 -0.0631293 -0.0871781; -0.0427814 0.209812 -9.05084e-18 -1.04421e-17 0.15789 0.251801; 7.78415e-17 -9.05084e-18 1.24475e-32 1.64021e-32 -9.12663e-18 -1.3561e-17; 1.29784e-16 -1.04421e-17 1.64021e-32 3.35221e-32 -1.17892e-17 -1.70939e-17; -0.0631293 0.15789 -9.12663e-18 -1.17892e-17 0.119774 0.190596; -0.0871781 0.251801 -1.3561e-17 -1.70939e-17 0.190596 0.303478]
HF: 13  -7.8607446055229175 : 0.9739538361317303    -6.202579368560131    -2.632119073094516
D=
[1.00986 -0.0428624 1.2052e-17 1.21346e-16 -0.0631037 -0.0872268; -0.0428624 0.210071 -3.26884e-18 -1.15665e-17 0.157852 0.25196; 1.2052e-17 -3.26884e-18 5.5818e-33 4.39027e-33 -2.80052e-18 -4.32299e-18; 1.21346e-16 -1.15665e-17 4.39027e-33 2.15225e-32 -1.23575e-17 -1.81266e-17; -0.0631037 0.157852 -2.80052e-18 -1.23575e-17 0.119568 0.190435; -0.0872268 0.25196 -4.32299e-18 -1.81266e-17 0.190435 0.303485]
HF: 14  -7.860745582058085 : 0.9739538361317303    -6.202559268193997    -2.632140149995818
 34.977888 seconds (38.28 M allocations: 3.477 GiB, 1.84% gc time)
Test Summary: | Pass  Total
Quante.jl     |  157    157
All tests passed! 8^)
   Testing Quante tests passed 
